1  (-546.74,323.233,1605.19,72.388,-89.7,145.335), CONF=0001
2  (-81.618,319.672,1893.57,-168.548,-87.969,58.144), CONF=0001
3  (75.218,189.034,1810.7,-97.378,-87.328,1.502), CONF=0002
4  (484.973,-15.979,1782.84,-115.738,-88.827,37.684), CONF=0012
5  (489.575,185.421,1605.01,-60.009,-89.595,9.305), CONF=0002
6  (196.65,-485.174,1605.01,-148.689,-89.595,9.305), CONF=0012
7  (261.371,578.875,1605.04,-9.493,-89.7,143.495), CONF=0001
8  (-444.14,-277.138,1605.01,131.211,-89.595,9.305), CONF=0012
9  (1.114,202.195,1871.8,-99.641,-88.357,-1.131), CONF=0001
10  (-611.9,1041.94,1665.01,-56.87,-88.96,9.34)
11  (291.22,630.24,1633.49,-56.52,-88.96,8.99)
12  (-326.99,1305.45,1633.49,-56.52,-88.96,8.99)
13  (-326.99,1305.45,1665.49,-56.52,-88.96,8.99)
14  (-326.99,1305.45,1688.49,-56.52,-88.96,8.99)
15  (291.22,630.24,1688.49,-56.52,-88.96,8.99)
16  (112.44,825.33,1688.49,-56.52,-88.96,8.99)
17  (-611.86,1042.05,1905.03,-42.74,-88.99,-4.77)
18  (-326.99,1305.45,1665.49,-56.52,-88.96,8.99)
19  (-328.16,1306.39,1904.92,-56.52,-88.96,8.99)
20  (-610.48,1042.51,1338.52,-56.52,-88.96,8.99)
21  (289.8,633.17,1306.69,-56.52,-88.96,8.99)
22  (-325.92,1305.84,1306.69,-56.52,-88.96,8.99)
23  (-325.92,1305.84,1338.69,-56.52,-88.96,8.99)
24  (-325.92,1305.84,1361.69,-56.52,-88.96,8.99)
25  (289.8,633.17,1361.69,-56.52,-88.96,8.99)
26  (114.11,825.07,1361.69,-56.52,-88.96,8.99)
27  (-610.19,1043.21,1457.68,-56.52,-88.96,8.99)
28  (-325.92,1305.84,1338.69,-56.52,-88.96,8.99)
29  (-326.32,1306.21,1458.5,-56.52,-88.96,8.99)
30  (-5.08,379.09,1665.01,-56.87,-88.96,9.34)
31  (-172.42,561.89,1665.01,-56.87,-88.96,9.34)
32  (-2.03,377.97,1338.52,-56.52,-88.96,8.99)
33  (-170.9,562.27,1338.52,-56.52,-88.96,8.99)
34  (291.22,630.24,1665.49,-56.52,-88.96,8.99)
35  (112.44,825.33,1665.49,-56.52,-88.96,8.99)
36  (289.8,633.17,1338.69,-56.52,-88.96,8.99)
37  (114.11,825.07,1338.69,-56.52,-88.96,8.99)
40  (402.52,1406.52,1892.99,-126.26,-89.25,-11.11)
41  (-310.91,750.14,1980.99,-126.26,-89.25,-11.11)
42  (402.61,1406.68,1980.99,-126.26,-89.25,-11.11)
43  (402.61,1406.68,2012.99,-126.26,-89.25,-11.11)
44  (402.61,1406.68,2035.99,-126.26,-89.25,-11.11)
45  (-310.91,750.14,2035.99,-126.26,-89.25,-11.11)
46  (-74.72,967.3,2035.99,-126.24,-89.25,-11.14)
47  (402.61,1406.68,2012.93,-126.26,-89.25,-11.11)
48  (665.46,1119.43,1891.58,-160.07,-89.2,22.7)
49  (664.29,1120.08,2011.96,-160.07,-89.2,22.7)
50  (402.04,1406.53,1565.98,-126.27,-89.25,-11.11)
51  (-37.16,483.75,1652.9,-160.13,-89.21,22.52)
52  (663.17,1122.83,1652.9,-160.13,-89.21,22.52)
53  (663.17,1122.83,1684.9,-160.13,-89.21,22.52)
54  (663.17,1122.83,1705.9,-160.13,-89.21,22.52)
55  (-37.16,483.75,1705.9,-160.13,-89.21,22.52)
56  (182.82,684.87,1705.9,-160.13,-89.21,22.52)
57  (402.92,1406.93,1685.77,-126.27,-89.25,-11.11)
58  (663.23,1123.32,1564.9,-160.13,-89.21,22.52)
59  (663.17,1122.83,1684.04,-160.13,-89.21,22.52)
60  (-310.91,750.14,1892.99,-126.26,-89.25,-11.11)
61  (-74.72,967.3,1892.99,-126.24,-89.25,-11.14)
62  (-281.39,777.75,1565.98,-126.27,-89.25,-11.11)
63  (-75.69,966.88,1565.98,-126.27,-89.25,-11.11)
64  (-36.05,473.41,1891.58,-160.07,-89.2,22.7)
65  (188.33,680.31,1891.58,-160.07,-89.2,22.7)
66  (-37.16,483.75,1564.9,-160.13,-89.21,22.52)
67  (182.82,684.87,1564.9,-160.13,-89.21,22.52)
70  (400.57,1406.16,1116.34,-164.46,-89.05,26.88)
71  (-27.9,488.88,1086.01,-160.33,-89.31,22.76)
72  (663.96,1121.37,1086.01,-160.33,-89.31,22.76)
73  (663.96,1121.37,1118.01,-160.33,-89.31,22.76)
74  (663.96,1121.37,1141.01,-160.33,-89.31,22.76)
75  (-27.9,488.88,1141.01,-160.33,-89.31,22.76)
76  (183.75,682.5,1141.01,-160.33,-89.31,22.76)
77  (401.5,1407.48,1235.8,-164.46,-89.05,26.88)
78  (663.96,1121.37,1118.01,-160.33,-89.31,22.76)
79  (664.49,1120.98,1236.89,-160.33,-89.31,22.76)
80  (399.3,1406.15,789.6,-164.46,-89.05,26.88)
81  (10.09,522.01,757.84,-160.37,-89.31,22.79)
82  (662.9,1120.86,757.84,-160.17,-89.3,22.6)
83  (662.9,1120.86,789.84,-160.17,-89.3,22.6)
84  (662.9,1120.86,812.84,-160.17,-89.3,22.6)
85  (10.09,522.01,812.84,-160.37,-89.31,22.79)
86  (183.32,680.58,812.84,-160.36,-89.31,22.79)
87  (400.68,1406.4,909.64,-164.46,-89.05,26.88)
88  (662.9,1120.86,789.84,-160.17,-89.3,22.6)
89  (663.34,1120.52,911.55,-160.17,-89.3,22.6)
90  (-276.46,787.04,1116.34,-164.44,-89.06,26.87)
91  (-78.58,968.34,1116.34,-164.39,-89.06,26.82)
92  (-290.2,775.82,789.6,-164.46,-89.05,26.88)
93  (-81.19,967.21,789.6,-164.46,-89.05,26.88)
94  (-27.9,488.88,1118.01,-160.33,-89.31,22.76)
95  (183.75,682.5,1118.01,-160.33,-89.31,22.76)
96  (10.09,522.01,789.84,-160.37,-89.31,22.79)
97  (183.32,680.58,789.84,-160.36,-89.31,22.79)
99  (-274.888,230.606,1243.17,144.834,-88.833,79.772), CONF=0001
100  (1213.65,525.62,1889.66,-153.01,-88.99,15.57)
101  (781.02,-398.85,1859.08,-157.43,-88.96,19.99)
102  (1476.19,239.87,1859.08,-157.59,-88.96,20.15)
103  (1476.19,239.87,1891.08,-157.59,-88.96,20.15)
104  (1476.19,239.87,1914.08,-157.59,-88.96,20.15)
105  (781.02,-398.85,1914.08,-157.43,-88.96,19.99)
106  (997.13,-199.94,1914.08,-157.65,-88.96,20.21)
107  (1213.63,525.86,2010.02,-153.01,-88.99,15.57)
108  (1476.19,239.87,1891.08,-157.59,-88.96,20.15)
109  (1475.33,240.5,2010.66,-157.56,-88.97,20.12)
110  (1214.22,527.31,1563.75,-153.01,-88.99,15.57)
111  (792.19,-389.92,1531.73,-157.59,-88.96,20.15)
112  (1476.96,239.17,1531.73,-157.59,-88.96,20.15)
113  (1476.96,239.17,1563.73,-157.59,-88.96,20.15)
114  (1476.96,239.17,1586.73,-157.59,-88.96,20.15)
115  (792.19,-389.92,1586.73,-157.59,-88.96,20.15)
116  (998,-200.52,1586.73,-157.59,-88.96,20.14)
117  (1213.18,527.53,1683.01,-153.01,-88.99,15.57)
118  (1476.96,239.17,1563.73,-157.59,-88.96,20.15)
119  (1476.79,239.19,1684.29,-157.59,-88.96,20.15)
120  (528.23,-104.07,1889.66,-152.82,-88.99,15.38)
121  (735.54,86.61,1889.66,-152.82,-88.99,15.38)
122  (494.44,-133.88,1563.75,-153.01,-88.99,15.57)
123  (735.45,87.76,1563.75,-153.01,-88.99,15.57)
124  (781.02,-398.85,1891.08,-157.43,-88.96,19.99)
125  (997.13,-199.94,1891.08,-157.65,-88.96,20.21)
126  (792.19,-389.92,1563.73,-157.59,-88.96,20.15)
127  (998,-200.52,1563.73,-157.59,-88.96,20.14)
130  (1212.52,524.57,1119.22,-161.28,-89.07,23.94)
131  (786.09,-399.72,1087.8,-152.72,-89.12,15.38)
132  (1477.45,237.55,1087.8,-152.72,-89.12,15.38)
133  (1477.45,237.55,1119.8,-152.72,-89.12,15.38)
134  (1477.45,237.55,1142.8,-152.72,-89.12,15.38)
135  (786.09,-399.72,1142.8,-152.72,-89.12,15.38)
136  (998.69,-203.56,1142.8,-152.72,-89.12,15.38)
137  (1212.32,524.07,1239.2,-161.28,-89.07,23.94)
138  (1477.45,237.55,1119.8,-152.72,-89.12,15.38)
139  (1476.6,238.41,1239.13,-152.72,-89.12,15.38)
140  (1211.79,523.97,792.42,-161.27,-89.07,23.93)
141  (774.83,-410.35,759.96,-161.26,-89.07,23.92)
142  (1477.47,237.35,759.96,-161.26,-89.07,23.92)
143  (1477.47,237.35,791.96,-161.26,-89.07,23.92)
144  (1477.47,237.35,814.96,-161.26,-89.07,23.92)
145  (774.83,-410.35,814.96,-161.26,-89.07,23.92)
146  (998.4,-203.94,814.96,-161.26,-89.07,23.92)
147  (1213.31,524.71,912.36,-161.27,-89.07,23.93)
148  (1477.47,237.35,791.96,-161.26,-89.07,23.92)
149  (1476.94,237.49,911.91,-161.26,-89.07,23.92)
150  (525.32,-109.01,1119.22,-161.28,-89.07,23.94)
151  (735.24,84.92,1119.22,-161.28,-89.07,23.94)
152  (530.09,-104.46,792.42,-161.27,-89.07,23.93)
153  (733.2,83.08,792.42,-161.27,-89.07,23.93)
154  (786.09,-399.72,1119.8,-152.72,-89.12,15.38)
155  (998.69,-203.56,1119.8,-152.72,-89.12,15.38)
156  (774.83,-410.35,791.96,-161.26,-89.07,23.92)
157  (998.4,-203.94,791.96,-161.26,-89.07,23.92)
159  (267.36,-458.012,1201.49,154.146,-88.823,70.064), CONF=0012
160  (1321.79,-482.35,1671.96,111.77,-89.02,20.74)
161  (416.97,-70.13,1760.37,119.22,-89.06,13.29)
162  (1037.68,-742.98,1760.37,119.22,-89.06,13.29)
163  (1037.68,-742.98,1792.37,119.22,-89.06,13.29)
164  (1037.68,-742.98,1815.37,119.22,-89.06,13.29)
165  (416.97,-70.13,1815.37,119.22,-89.06,13.29)
166  (597.36,-266.68,1815.37,119.22,-89.06,13.29)
167  (1323.12,-480.72,1911.97,111.77,-89.02,20.74)
168  (1035.94,-745.2,1672.37,119.22,-89.06,13.29)
169  (1037.68,-742.98,1912.82,119.22,-89.06,13.29)
170  (1323.5,-484.32,1345.86,111.77,-89.02,20.74)
171  (410.41,-64.51,1314.45,119.3,-89.06,13.21)
172  (1037.24,-748.17,1314.45,119.3,-89.06,13.21)
173  (1037.24,-748.17,1346.45,119.3,-89.06,13.21)
174  (1037.24,-748.17,1369.45,119.3,-89.06,13.21)
175  (410.41,-64.51,1369.45,119.3,-89.06,13.21)
176  (596.8,-267.63,1369.45,119.3,-89.06,13.21)
177  (1323.72,-483.23,1465.43,111.77,-89.02,20.74)
178  (1037.24,-748.17,1346.45,119.3,-89.06,13.21)
179  (1036.5,-747.52,1466,119.22,-89.06,13.29)
180  (688.57,208.09,1671.96,111.77,-89.02,20.74)
181  (883.17,-3.74,1671.96,111.77,-89.02,20.74)
182  (696.51,199.4,1345.86,111.77,-89.02,20.74)
183  (883.21,-3.9,1345.86,111.77,-89.02,20.74)
184  (416.97,-70.13,1672.37,119.22,-89.06,13.29)
185  (597.36,-266.68,1672.37,119.22,-89.06,13.29)
186  (410.41,-64.51,1346.45,119.3,-89.06,13.21)
187  (596.8,-267.63,1346.45,119.3,-89.06,13.21)
190  (424.18,248.19,1018.26,-115.65,-88.83,70.07)
191  (-95.78,481.76,848.31,-71.69,-89,24.17)
192  (-604.88,1044.87,860.26,-72.09,-89.02,24.58)
193  (-604.68,1044.26,898.26,-75.42,-89.13,27.91)
194  (-607.9,1039.52,989.43,-71.69,-89,24.17)
195  (-443.96,851.28,985.41,-71.69,-89,24.17)
196  (-388.71,790.96,984.11,-71.69,-89,24.17)
197  (-301.63,695.88,982.06,-71.69,-89,24.17)
198  (-213.83,600,979.99,-71.69,-89,24.17)
199  (-124.71,502.69,977.88,-71.69,-89,24.17)
200  (152.08,200.45,971.36,-71.69,-89,24.17)
210  (-911.94,-679.58,933.07,104.4,-89.13,28.01)
211  (-715.47,-894.66,936.98,104.4,-89.13,28.01)
212  (-627.25,-991.23,938.73,104.4,-89.13,28.01)
213  (-538.87,-1087.99,940.48,104.4,-89.13,28.01)
214  (-451.89,-1183.23,942.2,104.4,-89.13,28.01)
215  (-395.58,-1244.94,943.48,104.01,-89.13,28.4)
216  (-338.95,-1307.02,943.03,103.75,-89.12,28.66)
217  (-338.8,-1307.64,901.71,103.75,-89.12,28.66)
218  (-338.69,-1308.11,870.26,103.75,-89.12,28.66)
219  (-879.16,-716.47,859.45,103.75,-89.12,28.66)
230  (648.99,518.33,919.23,-85.71,-88.64,38.17)
231  (-106.89,1371.96,945.03,-68.63,-89.11,20.82)
232  (-107.16,1372.66,897.01,-68.63,-89.11,20.82)
233  (-107.37,1373.21,859.21,-68.63,-89.11,20.82)
234  (651.97,535.55,842.79,-68.63,-89.11,20.82)
500  (484.987,-15.988,1782.89,-115.703,-88.827,37.643), CONF=0012
501  (75.243,189.035,1810.75,-97.343,-87.324,1.462), CONF=0002
502  (15.467,265.319,2032.88,51.172,-87.106,-151.905), CONF=0001
503  (1.042,202.251,1871.9,-100.207,-87.754,-0.561), CONF=0001
504  (-81.664,319.75,1893.76,-68.356,-84.703,-41.825), CONF=0001
505  (129.798,344.484,1777.22,-28.755,-87.426,-25.231), CONF=0002
